92395889
92563900
71405654
87350536
9336322
9327891
9500026
9573635
8828746
9261568
9492709
9503965
9328138
4829283
4749961
4852395
4653373
4665344
4793706
4665608
4629622
2410189
2189294
2478364
2743631
2519688
2572691
2238436
2259090
2486312
633809
578975
561225
663168
562982
574631
329059
280611
282447
286788
360828
284660
306377
309746
125403
189075
152661
144277
151229
141017
190540
134243
70368
80198
83530
76451
78549
77084
66225
46041
38293
29633
32892
32934
33332
33903
33235
32905
36492
16835
21001
23612
17003
16674
31732
17129
17214
