9225631
9423335
9331779
9797860
10034666
9796258
9351851
9306216
10427594
5594841
4604060
4959755
5149894
4710083
5136144
5386632
5085137
2683720
1904088
2227368
2437096
2507414
2249107
2526250
2459688
2366476
562528
623077
572602
609265
581814
721192
283797
297124
351770
320436
281328
280840
265608
287435
164343
170348
136887
162017
152428
137849
155582
180253
70236
67727
68043
66955
90502
65600
66860
36558
33501
32329
33209
34046
33195
35379
33406
41399
59940
21714
31341
24384
23375
21230
27274
27643
27181
