9586153
9607063
9997861
9553995
10280899
10258411
10246229
9131867
9629398
5061450
5255699
4986082
5187499
4801762
5138547
4847823
4655475
2673860
2545037
2590047
2394294
2612711
2332895
2827234
2523016
2432227
521891
656711
699150
650670
536291
567162
262035
303145
257836
285052
284490
282673
300894
315554
142878
154099
139508
184699
151327
159151
147192
156689
83953
90227
67553
115367
84094
71681
65801
34200
33184
34468
38727
33057
33314
34617
32994
33066
47003
18604
24230
16638
25221
26156
16708
17411
17789
