10517100
10758873
10194775
10173635
9621085
9553443
8881068
10055314
10499420
5024595
5122560
4919220
5079105
5179604
5036482
5050890
4963414
2543033
2809719
2294510
2640532
2631972
2204034
2493111
2732902
2107523
553720
666766
480433
620343
609258
647949
293875
393782
287013
272184
278253
279121
266177
318087
139160
171801
137502
189149
144037
135710
161780
156709
66312
74975
68062
66358
67161
63846
55783
32996
33183
35957
41106
33332
23692
52405
39856
33314
33339
34678
23198
28758
32909
16658
16734
17014
17500
