10568718
9355534
10121210
9657600
9603002
9919180
9366723
10347213
9595178
4743374
4849329
4976000
4719742
4971361
4900702
5153459
5301008
2607064
2359051
2443945
2352635
2117426
2881057
2217270
2384480
2437520
581482
623216
681112
603538
555671
621228
279507
310781
309617
356583
327786
335685
270736
341704
145886
135359
155484
156008
158547
155869
138384
158640
82745
66858
68171
103890
75778
65999
79029
58184
57253
33032
32940
32731
32726
33993
50847
42266
36117
20937
27998
21544
35618
28860
25140
18526
19792
