9973698
10280758
9730592
9458267
9471632
9826575
10208807
9596053
9879123
5351413
4610037
5539487
5064495
4622280
5259083
5111132
5091591
2673408
2713334
2329952
2362129
2423940
2596123
2273681
2033691
2552963
667878
586505
613283
634293
612007
624700
283529
323195
298323
317926
300528
265674
271452
304328
140980
139362
173990
139650
128281
159454
159972
199169
65928
65167
66461
66036
78157
58101
67249
33511
33069
33447
33671
32862
32931
34109
33189
33169
33395
16923
28664
16733
16851
16830
16839
17116
17171
