10031568
10574296
8965306
9766937
10192613
9862973
9903075
9369069
10372913
4418713
4982026
4977570
5033175
4709580
5013037
4649714
4842189
2491214
2379358
2573215
2561275
2697013
2451959
2416500
2839529
2602994
540083
565155
580675
670157
603170
808496
268475
264054
238898
249736
300456
247430
278897
277304
124812
120897
137364
124953
124948
135707
163503
136158
49662
78733
72941
61920
63533
58017
89111
29723
30345
29329
30055
29802
28128
13709
31983
30064
29588
14396
15337
14654
15245
14105
4112
14985
15245
