9650372
8791102
9219475
10113660
10807477
9291405
8962721
9604698
10642403
4875216
5145084
5048398
4737637
4672965
5371009
5022986
4961760
2340118
2994126
2197349
2438859
2407769
2424119
2445150
2680361
2428162
613454
742296
668083
551355
678973
582949
285760
308901
335386
274329
293791
318245
281981
281273
118651
191081
136421
149791
175299
157187
137229
145655
70399
67441
68049
89393
67136
65402
60331
34092
43735
34161
33546
35785
33284
34403
33116
33095
37227
17626
18911
21128
17883
16630
16612
31002
17285
