10510371
9870640
9881237
9392789
10584182
9723272
9166889
9304283
10746679
4781224
4801587
4779775
4782363
4928824
5160410
4799100
5223976
2610997
2559550
2373922
2405610
2568451
2305100
2320770
2594933
2674022
664810
606246
562452
551188
638557
516118
286463
337166
277616
292461
286679
283772
343276
269154
134529
164352
138561
171968
136568
142748
138379
188310
93575
75842
75534
68007
66725
65557
74095
61014
33300
44207
43009
39951
33436
46897
36167
34574
32887
16614
17605
16439
16588
16493
19364
39122
11555
