10566747
9554677
9876781
9499666
9503987
9795867
9762985
9072842
10307052
5958787
5522507
5045425
5039731
5171674
5268557
4763638
4944879
1993300
2179608
2451735
2656485
2543827
2565143
2644137
2481781
2468851
576983
705634
537266
621388
558395
573819
309828
285471
287615
312076
253284
336620
294203
312972
137955
143374
141967
140881
110221
164745
129747
141843
85170
81078
68970
75779
103698
128550
65837
34421
58838
33168
59553
58361
58367
59522
33899
37578
39417
16588
17683
16674
17130
16562
16821
17155
17600
