9959463
10017975
9395566
10085892
9826579
10065979
8999662
10079274
9874611
5314896
4995277
5324044
5041036
5332231
5050992
5140490
5007362
2677744
2745632
2944051
2677785
2580024
2352823
2573770
2409772
2551166
658069
607733
621664
613834
616548
501198
196825
280507
309366
332636
308545
293564
284407
284869
141197
156088
121737
139692
153588
149172
162910
140257
80526
66853
70143
93373
69086
76976
85285
35450
51325
43461
38278
35819
32608
41194
38732
47448
38322
17065
25952
18123
17329
16868
19842
18154
17101
