9417842
9449002
9431284
9561370
9999495
9640740
9642396
9438251
9262210
4700668
4851159
5162697
4372906
4702512
5251768
5042666
4834072
2360450
2493026
2391849
2510963
2177190
2267573
2391651
2162200
2349709
550432
645707
561121
573336
614486
536108
338345
283983
286519
347982
266701
319744
289244
314329
156946
148723
130454
160470
169493
144305
136755
149167
66092
66251
67148
77651
89569
68222
71057
34885
33453
40230
34524
33600
39735
42106
33630
37795
40239
20632
17227
16490
17088
18569
23120
18350
17262
