10904466
10658149
9757696
10024404
9520737
10325554
9480183
9644973
10332340
5156916
4999879
4470481
5069879
5366349
5335322
4778522
4987963
2347310
2366064
2349158
2322490
2376292
2623784
2682460
2609951
2827923
629198
607980
659596
603046
573244
575288
282468
281944
441209
299595
279927
260239
283795
323821
140541
138541
150056
161956
153310
184616
145951
144549
68583
78379
102556
66747
68068
90938
101161
46764
51384
49182
37675
35552
45199
38946
32883
40344
48787
21007
23714
18901
16558
19827
16527
27308
23288
