10716224
9678747
8932057
9513673
9932028
9794498
10477507
9072470
9931031
4631140
5116270
5349209
4699065
4907521
5151050
5412107
4889090
2705228
2431438
2578511
2664427
2367740
1946868
2355479
2351570
2939408
597085
611123
565625
520138
597562
570046
285344
350259
328060
353156
287857
348691
292017
277320
138868
157013
134499
186600
134249
160172
159156
132256
66997
91885
108579
66527
66956
66696
65957
33193
51070
60936
33371
58537
60328
53177
41574
35000
39589
19502
17299
16850
27746
30545
17689
19469
20455
