9478218
10128936
10024449
9381306
8674030
9454441
10205371
8561502
10284093
5198998
5386252
5255189
4821294
5026390
4584683
4660084
5133151
2864521
2581973
2462481
2655988
2380811
2405872
2357938
2645032
2520927
576111
636573
547268
682293
611103
718353
274715
275474
340775
261889
282729
284037
296119
282604
176153
148630
136906
174372
181023
172666
159204
171236
66601
65815
68400
97293
79958
65942
99757
33365
35611
33292
35336
48874
33182
34105
32701
54854
33710
16651
17595
31275
29307
29381
18794
30656
27089
