10177622
9730322
9327088
9769783
8968039
8829174
8979572
9253337
8808469
5110184
5156871
4566458
4813736
4544850
5090307
4857678
4975729
2431488
2648827
2613230
2567984
2358933
2568008
2290696
2683260
2367620
576735
576733
572618
575608
542632
630987
290943
280936
282772
309202
272461
327554
296119
309944
130135
179176
135886
193660
145095
164488
133517
138760
84885
74418
65947
79419
68945
78364
75613
33696
33407
33627
33616
33413
33340
34875
33198
55832
37583
25962
18490
24245
24466
18329
15551
17099
17292
