9857582
9333547
10135540
11035484
10205783
10284465
9813159
9474454
10002086
4938243
4646113
4720071
5224393
5091441
4835758
4876887
5132718
2242648
2441681
2226287
2290610
2251135
2506110
2413671
2322820
2704921
607657
701997
521813
431868
511432
705797
260040
302765
287522
308246
332191
336145
276016
297797
150273
135109
138803
205261
136839
140876
139703
151106
68372
69629
124285
67597
103491
71506
78199
51134
35924
33395
33359
33647
33382
35874
48916
40808
42478
19810
18137
36048
16506
16985
25199
20642
17784
