10227780
8886661
9935827
9337930
9563416
10503426
9685540
9771907
9067137
4795811
4870898
5551639
4846095
5290817
4641935
5334499
4872618
2431842
2484691
2343438
2777732
2747406
2540756
2380158
2573280
2204480
693298
740830
629793
592924
711399
575424
315796
273664
290682
391668
294434
279479
279494
333677
116129
167946
130612
149319
153122
154515
180573
133674
55807
57500
77007
70706
70595
77387
84633
58304
35561
48588
42638
33368
38422
38545
39538
53647
47105
29278
8456
18931
18078
16778
16994
17149
17242
