9772462
9788096
9704231
10202477
9541304
9982375
9630151
9286043
10172438
4944226
4897121
5139644
5206718
5264957
5014322
4751143
4949156
2502236
2408941
2569358
2472332
2708895
2493504
2288674
2715844
2503784
641423
605022
715570
570758
625055
616289
299200
268869
263128
342245
275479
331908
331990
267046
159978
139223
139571
140360
140553
141343
120524
116742
68878
74137
70903
70378
92595
78992
87833
34456
40407
42951
39353
43544
53522
34618
34072
45531
36209
31047
22132
20025
25710
20358
17895
17924
17555
