10072660
9708623
10606893
10659829
9445059
9591653
10324246
10306819
9006181
4461309
5170930
4917375
4983376
5208077
5069649
5020941
4878103
2072558
2599669
2417484
2519046
2390592
2435867
2617068
2469110
2153999
582666
700507
619221
747699
567441
644770
264829
281780
281671
265989
310018
291897
314526
321934
146562
136563
140589
140437
141645
153292
157922
169293
69022
58905
67874
82139
96653
66088
79794
43619
33146
39852
34822
32915
33348
34328
33039
33405
33144
23507
32795
18813
16890
16645
18067
19200
28381
