9500591
10267249
8872123
9331653
9928051
9832216
9882433
10368288
11055470
5188925
4437578
5103231
5036639
5059071
5005537
5009196
4788338
2215043
2487397
2363433
2717021
2180844
2267052
2266059
2395728
1984155
587747
557617
620870
765430
575062
571373
291427
342576
287680
280135
270411
311395
289704
272143
142800
150854
149970
167282
184010
143388
141606
156183
94151
66233
69772
66907
109833
81588
66795
39481
42602
33190
38484
40470
24167
34635
33213
46777
36676
28495
23414
16684
24072
17299
16662
17838
17235
