10934770
10331446
9627359
10070179
9220438
10363921
9732795
9733595
9818736
4887072
4794876
4695098
4950389
4901356
5201514
4650213
4895912
2140142
2799655
2457439
2352092
2445383
2416159
2281230
2240568
2597630
659910
593069
582458
657127
563126
563312
328326
302577
306328
276785
282158
327042
296026
271600
143040
140043
162934
139876
147454
161091
137448
138724
90294
68942
88033
88659
74827
68309
67547
33545
33533
33234
33386
33109
33259
34776
51970
57671
35183
28029
23660
20322
16637
16605
30299
17801
18165
