9528005
9491078
9525565
9026681
9347685
9178233
9844659
9668221
8992276
5108714
4645767
4656356
4879040
4260153
4820314
4886759
4824419
2329356
2264460
2466163
2285135
2335503
2342640
2433115
2245937
2384653
656221
599067
605775
548639
538932
580283
338225
282400
321263
296484
292161
295074
292172
295152
142967
155689
143433
139340
160662
157397
141669
132284
70569
80550
92379
77512
68020
65687
65824
33299
32936
33511
33331
50325
33476
41652
39225
24174
52136
25455
20742
21639
35292
27823
21813
21299
18956
