9532101
10255062
9643765
9958071
9428868
9584599
9711299
9587724
10346315
4591356
5056772
5155801
4766262
4912549
5387755
5250586
5035268
2482916
2453212
2705776
2320032
2208823
2536228
2364265
2562994
2375011
638202
562703
626810
529757
560233
573525
282430
285492
281595
242410
288542
311239
323427
290529
141499
175742
143295
138706
154165
140140
139384
140570
59838
69027
70287
78754
67804
87692
70644
33626
39848
32725
33304
32815
48960
39491
36910
58771
43148
31708
17101
16577
17464
16461
16531
27435
32354
