9781014
9737895
11134324
10682578
9651546
9847877
9391637
9133688
9956373
5189718
5315433
4880837
5154903
5098544
4884700
5265054
4877691
2539485
2432807
2424164
2491231
2722421
2083728
2061616
2468701
2619048
608150
540360
604592
649307
546791
733517
265626
285880
279177
218704
332781
297468
281095
308925
157067
125001
152789
138519
125769
141304
132447
142755
69805
69796
93072
74152
79305
90049
68927
59554
33215
33884
33573
33113
33547
34878
33555
33452
34355
13363
26297
18105
27325
21001
20482
18541
17941
