10459379
9621056
10178785
9200664
9743881
9570895
9658674
10218386
9941603
4911351
5005618
4687329
4854811
4343340
4731418
5018388
5203998
2547067
2544025
2735356
2300286
2569219
2364361
2335865
2490299
2315568
564123
677067
592920
725654
629998
526701
306060
331697
327584
275565
282931
325099
321949
238425
132482
140405
160306
142770
152199
139758
163081
151156
64872
67138
68364
54682
67766
67691
68333
33259
33076
49358
51631
35463
34750
34672
38949
33207
33187
28605
25087
20752
29485
20659
29521
26155
18042
