10218050
9967500
9648469
10189439
9739888
9186386
9723066
9728699
10602300
5290534
5174491
5040552
4903645
4856897
5334581
4644613
4924240
2479255
2396038
2346725
2552541
2482634
2213692
2478885
2547061
2562569
599875
599054
715432
525431
562623
596425
284595
263941
302219
301754
282302
336326
256622
267519
148362
146850
161875
167407
127293
150470
168264
139573
76234
85868
69706
75029
83892
71357
68989
33423
40439
33214
33131
33189
33338
34456
33659
34363
33093
18242
33216
22180
20656
28084
20077
17069
17285
