9900363
10607442
9909307
9492182
10119339
9368668
10265351
10548937
10231038
4391182
5116870
4682534
4701862
4986893
4794443
4927592
4756690
2300863
2669753
2530779
2728639
2229765
2387500
2430465
2948337
2524510
670073
541217
733012
707623
568575
595687
302745
310530
326673
290591
296486
315799
336376
278120
138558
154454
176737
140249
159246
147174
124491
136258
70194
67402
98990
67139
69484
76681
68445
38505
51109
34123
49936
38757
48381
48686
58064
44415
47459
32259
30379
18007
29467
18974
30349
18804
25760
