10856331
10575908
8834040
9178216
11113500
11573804
10612392
9992020
9857505
4487493
5108349
5245159
4835556
4655020
5284495
5150478
4836411
2420897
2462742
2497939
2531574
2407785
2540702
2616514
3081126
2180329
691960
669972
619366
573041
478382
577170
342053
340994
252983
312048
270399
275150
264530
274049
142133
164749
137222
142468
147288
142319
163780
144074
67825
69086
91271
68274
68704
66673
101738
46859
39495
33216
32899
24798
43121
34878
33406
44257
47300
23633
17246
16684
16549
20031
10808
17219
17310
