10502936
9488775
9793053
9942005
9944656
10159794
9950815
9763948
9986744
4913268
5123678
5079315
4650393
5339796
4493563
4604180
5400445
2525940
2130549
2379593
2318023
2432313
2388763
2505263
2473766
2347798
543830
574350
646755
637307
509335
560978
329781
254877
294260
300498
285017
382082
327491
324136
132840
161167
132017
159649
136531
139804
117476
141789
79180
74093
58948
86935
68524
66299
66269
33779
45167
35046
39010
34249
33146
48224
44480
33187
44031
27953
21313
21125
21989
18832
17128
16783
17473
