9876265
9355109
9514898
10274748
9885746
9302138
9937434
9307566
9119886
4432341
4845830
5479024
5355084
5001362
5012895
4766290
4517305
2702407
2427193
2670959
2515986
2701467
2231579
2448565
2522644
2550455
719309
545509
546943
529922
561031
677096
305280
328857
272355
278884
279639
250782
296877
311733
126890
118375
134419
119676
128389
157173
123085
141418
92422
72260
69717
80696
73140
81024
68425
33473
33108
36083
45516
33172
54476
34647
33764
33286
48333
24801
19390
16815
27241
18464
24151
28714
21700
