10461373
10120695
9188238
9972975
10702989
10240855
10745654
9954302
9451343
5242148
5264665
4846726
4813461
5292324
5174429
5123993
5011113
2479759
2417405
2773762
2602127
2574051
2347267
2630433
2591228
2514722
577349
597194
554437
708477
605753
558484
291561
282405
280920
283016
342677
278875
352903
280235
137080
144665
154657
193216
128819
158681
167580
157389
67148
66109
81097
53726
88159
93349
75763
61178
51758
39472
39349
33770
50676
48316
23727
49394
57717
26345
21216
17086
16857
22149
21497
18185
17324
