10799995
9890139
9166798
9428445
9569895
9266936
9658056
10114789
9141037
5505262
5068521
4811232
4834382
4795027
4762098
5020371
4674003
2398984
2450460
2343187
2404048
2492955
2269803
2431459
2200572
2541581
589492
586291
518510
551674
545468
561377
300302
297893
306685
286281
354198
272913
251391
261581
142617
116512
152282
144195
172323
146557
174492
164952
60515
66170
66386
71301
89830
90259
67058
33280
33211
32846
40377
39986
34765
45876
37338
36443
33047
26025
17082
25825
21445
18010
17809
27483
18768
