8969422
8588959
10232942
9821819
10183152
9941034
9639144
9350375
9814949
4438662
5207533
5211624
4750628
5297431
5275993
4901567
4925534
1939395
2686639
2394900
2462292
2483250
2389453
2564272
2396609
2459459
578770
627976
550173
673706
561131
610529
279988
342108
283953
271274
354710
298309
223114
326844
156364
159919
139837
139385
141176
155595
149607
178723
56242
66167
90604
65745
78650
66157
65424
33138
36752
50059
34461
38040
33041
34399
38596
47696
33329
21892
30839
18631
20975
28141
24160
30852
22312
