9983667
9120426
8984666
8811541
9462599
9137741
9911498
9517114
9361471
4759687
4801576
4593594
4563973
4855632
4425320
4575381
4592865
2473152
2179815
2501744
2354445
2449770
2107655
2341642
2288662
2304289
579633
586021
587071
682996
659276
608193
238202
282689
346279
301525
270841
308434
303315
282377
140223
139358
154130
154618
139256
149703
139772
140569
63656
65817
86828
80301
88716
71950
82050
33965
37519
55434
42557
39883
43320
53641
35756
56037
41908
20644
18650
17276
18296
20136
28986
20922
17719
