9356165
9374136
9308331
8804430
9711190
9506323
9006963
9272492
9794093
4737610
4771539
4818846
4744276
5402809
4628912
4974189
5009540
2440859
2355071
2377342
2515130
2344171
2200702
2385009
2479323
2239869
541539
576971
572962
547258
571353
535586
287933
311861
281744
283523
287037
325764
304197
246704
160873
142372
139617
129895
138582
143194
163301
171397
65504
70284
79809
67598
92604
69127
66374
33286
33652
33406
37890
52275
36939
34352
34065
49780
33617
16997
17617
16821
16813
16648
16800
17162
17450
