10099366
8712889
9769105
9427382
9673609
9166725
9898430
9951737
9271906
5134737
4743365
5082950
5024405
4758527
4929122
4601171
4568212
2386134
2312791
1977436
2443749
2300668
2415568
2402063
2285806
2341962
637782
596091
653901
616610
628195
653370
282005
307101
303286
288799
309887
308221
359827
278184
134164
173613
132944
137443
149626
139086
145623
138348
81270
67399
70912
81715
66516
78373
73460
43853
29765
33143
33277
33189
32955
34330
16384
33170
32859
27756
23454
19804
27300
22080
18845
20450
25063
