9815609
9817860
9417349
9354289
9498160
9564557
9342911
9052938
9731334
5007402
4901893
4761289
5044661
4703378
4685525
4493961
4630346
2416976
2280807
2343792
2450874
2239294
2568515
2353042
2410693
2323683
636316
581542
567889
566665
536342
596859
312789
269011
303502
336040
298519
320382
275680
321003
154199
161135
171151
120258
135798
119613
109953
142184
59498
84714
75259
72282
78336
90502
76265
44422
33573
33256
34419
33231
33416
34786
53340
32978
42302
16700
18046
16602
17293
17688
16671
17355
17623
