9714038
9725289
9541419
9492604
9482466
9182868
9251818
9439250
8847199
4872159
5067048
4860929
4812191
4734178
4751708
4553388
4591986
2385903
2389682
2165910
2330348
2540520
2555761
2276791
2428978
2384267
573822
607166
610497
624342
602147
565196
319364
279724
297573
284092
264753
343699
324336
322462
153294
160602
118469
146393
147736
170965
159730
177905
65847
91328
79678
86169
83534
67675
66711
33425
33596
33330
33657
36464
51355
53787
36572
64246
53351
16492
26879
21499
31742
17224
16777
27470
23548
