9176711
9414041
9540718
9854852
9459434
9258007
9754234
9541821
9598917
5002729
5047609
4621924
4850752
4598417
4602126
4410886
4732753
2407903
2546539
2126001
2435866
2256362
2374487
2295009
2346806
2591307
514775
583938
617330
706985
564892
620389
293427
268246
331641
270740
296658
345181
292181
273790
144657
187037
138174
126713
147427
140382
155430
139970
69008
98593
84146
63011
88938
68515
66647
42457
45040
35373
33655
33059
45961
32225
34202
44519
60503
17144
17289
17164
25525
20168
17512
17046
17467
