10507426
8695543
8835911
9568843
9054413
9461863
9159339
9384116
9350874
4825498
4728221
4538328
4787084
4507039
4992427
4846685
4881496
2434834
2745106
2378243
2381530
2526876
2482025
2471516
2491267
2368767
548118
567110
625473
610377
575766
652660
296074
308453
332558
300572
293503
302483
285955
288811
150788
148949
142325
174106
140200
134800
133164
163141
80339
73880
76787
64058
71375
89901
96187
33470
42047
40537
36801
32882
33178
37163
32864
33558
33396
16604
17296
16635
16877
16713
16764
16972
17042
