9837575
9724180
9412849
9756388
9580960
9428042
8936822
9293831
9142334
4605228
4747298
4885306
4770030
4942926
4806658
4723432
4637599
2435246
2322168
2551298
2457786
2444049
2380829
2451963
2432780
2338240
533106
656821
609091
596627
601810
563938
338725
278706
300101
265207
279617
287621
315149
319113
166115
133658
143479
156318
139867
185904
140777
134718
89228
83689
69702
87236
100546
65934
97585
33089
33050
33046
33313
33272
32960
34397
32934
23775
54867
24328
20372
18364
23787
22449
16656
16962
17311
