9733652
8843536
9368046
9261845
9386684
9363847
9439794
10464254
9584261
4950714
4614566
4930441
4643900
4811865
4914151
4934179
4835550
2343963
2380530
2399783
2304409
2599967
2239675
2328945
2267563
2484127
638205
547818
598525
563400
574257
627962
282221
281095
334779
333474
293974
298528
264220
344666
142926
159612
148235
136542
142742
173747
151132
121605
69438
67630
71142
70193
68578
94810
79271
50887
37244
40105
43485
35457
33187
34802
33116
32922
34589
16577
25698
24204
21723
19423
18473
17934
17163
