9495001
9719622
9718719
9184133
9500576
9926154
9450872
9526138
9216978
4809816
4811467
4825691
4606113
4880719
4613558
4874226
4643516
2308564
2450442
2401983
2210412
2479719
2168469
2595399
2546665
2439306
505322
605079
543230
634136
609193
635302
336776
351485
294003
285561
305980
279257
308941
319077
159878
147977
133391
143182
127058
145344
155365
142223
86639
87418
67636
65973
67999
79003
90831
32962
32928
33004
33946
32849
29590
240476
46594
34824
32598
29727
25721
20464
21124
30891
30990
22748
19945
