10181770
9896492
9373195
8640698
9550007
9518390
9780153
10431749
9740934
4753556
4506872
4740112
5014810
4851954
5063147
5174809
4696062
2570398
2439523
2278074
2256405
2316966
2357034
2340949
2341252
2486931
578120
568086
653945
557551
580965
579114
331888
286798
325020
285923
305387
290761
276336
270641
132778
144157
141494
156492
175490
135129
161370
141455
66953
82284
89116
86918
71176
57182
113723
33346
51209
32749
33064
38496
33826
40345
33027
32604
26910
24704
20740
17057
16568
17780
16614
17029
18373
