10900960
9453019
9114783
9609338
9654347
9437056
9833001
9484416
9574722
4832911
5120474
4816923
4255761
4253934
4942018
4655904
4759370
2356383
2351329
2412406
2381765
2732726
2301245
2763395
2769630
2247605
591621
620625
581053
579801
586156
564218
308925
321132
279418
290737
285288
319082
305806
304727
138683
128991
157800
156580
160237
133170
158505
143084
69738
96513
54633
79876
89590
74663
67210
33987
32998
32976
33010
32909
32983
34254
33121
34051
49251
20740
18219
16695
16755
16563
17160
20712
17103
