9122084
9773336
9593298
9779369
9421775
9304321
9701799
9107961
9492418
5072720
4888820
4739824
4804984
4836862
4686617
4689911
4564839
2535748
2261605
2436743
2373789
2426141
2367543
2583001
2457238
2513007
571591
552372
594564
617463
653869
572506
270895
368669
250420
316524
271743
314485
295784
327529
184678
128508
132563
137704
122224
153913
155303
162729
88209
70598
79214
90469
78242
88400
85754
33963
32874
50291
42756
52547
37660
39331
37430
35874
48352
18839
17074
17322
8045
32869
30030
30719
30479
