9898410
9535731
9686065
9215778
8800974
9473502
9611952
9910581
9554461
4937528
4788631
4752770
4840061
4878572
4803693
4815389
4608976
2479757
2331240
2389138
2370014
2249356
2394348
2391047
2308216
2308426
579783
585680
556262
561290
633059
642229
294602
276392
288332
295787
286489
278896
267672
322554
137831
135977
122810
156766
180872
140762
126029
148738
68627
75824
81618
80798
79201
78223
78976
41687
36276
33179
44233
50279
40801
41363
33022
33094
33538
32780
36847
28942
23419
20573
26353
25546
21758
