9485114
9414051
9667549
9562238
9807662
9455495
9496667
9452052
9862489
4924439
4889922
4573252
4381788
4925869
4273760
4956253
4643448
2169735
2084027
2325848
2445454
2620748
2356655
2348974
2260177
2224740
580601
600048
580575
630661
596101
596304
296812
296494
301921
288467
334614
238708
317586
320137
137692
153834
172541
133638
163434
155484
135947
189738
65760
84598
68967
66973
71744
65587
66807
33085
32975
33160
35882
40029
54094
37914
33237
39484
34133
27555
36233
17295
23455
17036
16792
17299
19573
