9983076
9302388
9082787
9688073
9964939
9774626
9310782
9368663
9523598
4837088
4783047
5026828
4728628
4889457
4489415
5233677
5043054
2579409
2530461
2404739
2436479
2478835
2602419
2145949
2354740
2367022
604177
545937
598201
581672
632033
553952
319197
304635
279769
310360
329759
291098
299877
282131
141514
138937
155750
169052
176379
140832
138694
139326
69567
67989
73267
69488
71189
100370
101334
45678
53630
51369
32064
33248
46077
38676
34692
41233
39992
16553
17124
25072
38480
19500
16908
19654
17370
