9354651
9899767
9824740
8949878
9745686
9577873
9021481
8930882
9470519
4921497
4506593
4840903
4691929
4797894
5035598
4851706
5091783
2654747
2139771
2378343
2214918
2393397
2496509
2553451
2675972
2438754
669597
606723
614962
618268
601136
624470
274989
325375
295068
318142
239018
313823
309615
280721
159287
149992
154136
142790
138265
139981
190008
157842
66305
67980
77098
77924
66701
68213
84080
32967
39300
34596
57189
33002
36762
47287
46152
32235
37177
17864
29383
24602
27425
22370
19979
32433
26025
