8887006
9510497
9077244
9529125
10541597
9910252
9529277
9576267
9650099
4993905
4940541
4793317
4713527
4817401
4667083
4869054
4961414
2349855
2241041
2298597
2462119
2568356
2409992
2335510
2444641
2347184
588198
616911
584093
534361
550281
670559
313626
281029
271603
271388
308401
298027
322657
308719
158283
143097
163123
162860
130103
143254
146596
146633
72647
66846
65935
64212
67664
90296
99740
33362
25750
33959
33173
52658
37050
34835
33249
33413
33235
16672
30521
16567
24269
19896
18512
31861
19082
