9554074
9847135
9459449
9771572
9728341
9355323
10847215
9386142
9626486
5005277
4792025
4834562
4504639
4629231
5013999
4782209
4870873
2565702
2151570
2564804
2388659
2085598
2283813
2266277
2277918
2215816
638070
612599
672735
662793
561297
548214
304748
317250
255658
323893
278698
292323
276812
288207
156669
139644
139631
155433
155809
136640
135894
137538
67373
68947
88558
70404
77362
93171
66738
33107
33093
34819
37994
33099
33036
34442
53068
37200
33456
16844
17363
16748
17074
23596
16905
17443
18299
