9733685
10042799
9458512
8871365
9118505
9580419
9642551
10062522
9323253
4714765
4834724
4993229
4995021
4785446
5051672
4425637
4740773
2468767
2424428
2537120
2355968
2588785
2253707
2436061
2254548
2464099
579111
590828
603305
641043
593193
582934
353202
238422
273760
301614
342693
306170
312653
330880
132422
155473
161998
113355
135659
144830
140386
159074
69972
78907
82514
83242
77531
83481
69249
44158
32963
35058
37383
52152
48298
67877
53436
34536
38942
25884
28684
15941
16841
29432
24203
27074
20952
