9882624
9765869
9139232
10068868
10618475
9451701
10212945
9247620
9392473
4655895
4915971
4643640
4763935
4618328
5066326
4767280
5415182
2311136
2278500
2387973
2452341
2398550
2644652
2164320
2484245
2239287
641708
616657
603425
616682
614784
529620
296934
283664
296692
286706
301879
326560
267412
301152
135158
122746
177386
171689
138133
137272
156489
152945
69206
78828
73667
68186
62226
87283
67514
33595
35096
52123
45710
33114
33303
45712
49040
45139
38125
28601
24167
32319
18152
17388
22265
19089
29771
