10535852
9881088
10663767
10071820
10288094
10592390
8716972
9889481
9824964
5354396
4831124
4817545
5142708
5272944
5239207
5539714
4879238
2399207
2550566
2120082
2612246
2421719
2388588
2663744
2341710
2339497
549099
592856
568616
592676
542647
573930
300965
292827
306190
271461
283812
303792
333162
265737
150528
140505
161566
171990
147989
175891
154740
136157
65831
84395
77140
77004
67078
77689
66213
33085
32920
32886
33578
33029
33024
34606
33117
42809
38887
18993
17548
17894
16750
16619
10854
17411
19330
