9755358
9186719
9845251
9185094
8957647
9021216
9205674
9398008
9312034
4745116
4618046
4346602
4854132
4815812
4761049
4858541
4874080
2492449
2342894
2385226
2319962
2281322
2352080
2395429
2113424
2205971
603933
588345
589444
595528
577513
519053
327831
279736
308935
287691
288359
240867
334587
294422
163943
162113
139344
147294
114754
144840
162323
154988
67313
47663
71623
78041
71012
66419
85331
33799
33188
34074
54063
39252
32873
34529
33054
44138
25533
7744
17786
16515
16750
16600
16585
28490
27300
