9829369
9607966
9728029
9716454
9974221
8736806
10665230
9635659
9647772
4607270
4674644
4258541
4845666
4750542
4571088
4895034
5010275
2519331
2458839
2537959
2395875
2381514
2540830
2379903
2344378
2192131
625195
784531
652256
655426
551745
591166
326062
283061
286133
335186
293480
310963
296357
249895
160331
146997
165493
139508
159372
140801
145533
130038
91324
74992
98763
91968
69044
66389
67054
33468
34954
33292
33424
36189
43622
57086
40723
41914
33565
17469
17394
16756
16851
32330
16854
27074
24415
