9807968
8716564
9886921
9605573
9185734
9501831
9829376
9051803
10115218
4924707
5020431
4881043
4913787
4947395
4727513
5060636
4755616
2241303
2511043
2515478
2854191
2784616
2649419
2299032
2497880
2550692
491007
605070
656108
438980
744194
644814
290795
335089
227657
354844
271021
270302
316523
236903
141424
146288
199851
141576
182392
149179
150196
155119
66251
65787
68999
88637
79472
66748
77236
45029
58608
43349
53835
33024
33226
44502
53302
37589
37655
18919
26947
20340
24753
19490
24318
25490
21169
