9612522
9192888
9829897
9185539
9544683
10429092
10135052
9675500
9229889
5122388
4930117
4632741
5093427
5041564
4826083
4993148
5189824
1866557
2781321
2659981
2750127
2449621
2539772
2575007
2407516
2641821
719071
642558
623617
590044
600555
566169
286605
323256
240027
336525
393624
309654
277954
293752
178189
166690
133779
165559
151729
181207
169636
180380
74576
62042
66400
91855
67276
95782
67940
33826
33295
33476
33243
33159
33358
64462
33246
33239
33313
16751
17575
16864
17519
18151
17539
29763
18399
