10549006
9711451
9599412
10424829
9604504
9734269
9339837
9684454
9518959
4872706
4693146
5147925
4791442
4908048
4786356
3810202
4968163
2391324
2402392
2529811
2510337
2479777
2391222
2501017
2396883
2234332
548953
597084
739856
530654
500843
476348
350196
254554
254469
255946
253839
266319
255717
336351
143633
126010
122949
149657
125196
187113
125388
123416
60748
67381
77756
84879
67763
58893
66364
49077
15121
28733
29024
56196
28466
31588
49750
42207
34986
27251
17441
14834
14473
14454
14790
30871
15053
