9935915
9486382
8854187
9002137
10064073
9276014
10052273
9678324
9602187
4730464
5063143
4877527
4898940
4816446
5341078
4858423
4581813
2196970
2566000
2336625
2432486
2659508
2612554
2288863
2616949
2498540
647755
564833
638540
569790
568451
588641
351306
383509
264139
276447
328667
272643
314318
291041
159709
140334
145623
159283
166787
171828
130643
143116
81237
69202
75686
116818
94739
66082
75750
33188
33029
33029
33345
40144
33583
37745
37877
33485
33376
16868
17699
16677
16623
16614
16955
17080
17141
