9889550
9365722
8963761
10296414
10245182
10214842
10029509
9944622
9752605
4673248
4914559
5012094
5048738
4888674
5091776
4341119
4770053
2531452
2905296
2409913
2523368
2221160
2364629
2524694
2222023
2185422
575543
556311
680934
639375
600478
655437
328753
299325
262490
316459
314872
272205
314255
237998
165522
169354
155464
152372
197322
132863
146433
166231
98136
95856
115370
71941
66596
69640
97176
34728
33240
33015
33226
47433
33486
34593
33476
33109
57437
16963
17814
9396
17189
19041
17096
17498
26715
