10696446
9940974
9475610
9611533
10204732
9682254
9651851
9755282
9452307
4664628
4652118
4989970
4621711
5008930
4701160
4921993
4887941
2685046
2253776
2290929
2511488
2507841
2609239
2517953
2165609
2587475
648246
584912
505615
626123
567869
602952
302062
283642
344800
271970
282898
339826
275624
336702
168631
132421
145466
153123
179126
137965
134832
172172
77367
70815
59241
73527
69264
88945
67004
58414
33033
33094
32987
62486
33084
41999
43723
52947
61418
16601
8406
16973
16969
27815
19958
17076
26153
