9837258
9052446
9463230
9069963
9632973
9803501
9921423
9754350
9508536
4423695
4695716
4762787
4951961
4772658
4807654
4782679
4810636
2231913
2268361
2316092
2830176
2583073
2408253
2482698
2136815
2571972
573907
646487
630101
679160
607028
612510
326724
295917
288520
309111
256226
314549
330666
296083
186947
133400
136997
150964
157512
142722
143240
121141
80265
64232
80497
93370
76564
89557
77959
42653
56729
50407
39314
44388
50428
51869
38045
32781
32796
25095
21485
28192
16682
27653
25332
19342
17894
