9543328
9554157
9119173
9020010
9433349
9696925
9404189
9338372
9862090
4629403
4811930
4793164
4876496
4677233
4617307
4727970
4861697
2454108
2247621
2193826
2617088
2354553
2310164
2203643
2307964
2373171
649700
614561
579695
583826
626008
655602
273842
281657
331991
294024
390685
296537
310179
304944
171116
149628
155594
142003
113291
143337
133016
141144
71063
88355
91835
70102
107331
69692
77917
34951
44587
34359
44355
26581
35593
46764
41490
53212
35364
16447
17204
16399
16527
16453
16558
16823
25057
