9667937
10592300
9019010
9883352
10238687
9951150
10209913
10194043
8045411
4049717
4712897
4596653
4920075
5035245
5001281
4388184
4621563
2409650
2157434
2227649
2282702
2401984
2496627
2462493
2412412
2587536
536643
599616
729695
575931
547694
648346
302532
284382
295471
315506
292913
287978
348743
336822
159545
131853
136420
137444
140709
141886
142598
146269
68253
70167
68976
68975
81490
81408
66967
34347
33020
33550
34470
36424
33414
34370
50307
36350
33233
16608
17366
19651
22196
24235
19417
17016
20038
