9490587
9688601
9706238
9831384
9665753
9474135
8974491
9564503
10020980
4894516
4744332
4660848
4838545
5016148
4926448
4484876
4737037
2294316
2240056
2109048
2298807
2325000
2268086
2310296
2204855
2293209
669128
652221
569293
620684
599165
616567
289273
288415
280986
317734
286647
337453
293941
279579
186817
158932
138509
139046
137674
147284
166045
177399
65308
66519
55396
78684
98773
79771
66604
40180
33051
33269
36266
49697
33004
41947
32982
16422
32831
27473
19242
28016
26243
20830
18043
22641
19857
