9853603
8645143
9026968
9215926
9414243
9705801
9826275
9625377
9837009
4900914
4517560
4778665
4561983
4681919
4617679
4739474
4897792
2312864
2449342
2389095
2552902
2405204
2363632
2438175
2234295
2410488
658475
600731
714405
603079
593852
672888
284938
312785
327970
347834
290007
314761
318530
279275
145704
151652
159336
156303
151872
136988
138230
155314
79939
92845
64125
73731
91854
77728
66209
33221
33151
33749
42280
38973
47965
34107
40378
33089
33094
32409
17329
16515
16641
16506
16622
16990
17337
