9541370
9345987
10117028
10271687
10189893
10409897
9252262
9667795
10609854
5179142
4860147
4743434
4870272
4837114
4699323
4459819
5134566
2447710
2405913
2354873
2539389
2541563
2289060
2392708
2585328
2437599
595979
654839
589798
670052
551013
568171
284768
317000
307049
320903
260075
295620
286791
284870
180083
138204
174128
139361
201125
148989
153056
211394
93431
89192
84984
59073
68420
66762
67463
33378
33141
33576
33407
33271
33365
36847
48050
40679
34006
30353
33534
31834
26902
23577
16753
27999
21385
