9322271
9596859
9250064
9743174
9415535
9301736
8876632
10163661
9793974
5522344
4630062
4917701
5342678
5304071
4844980
4943608
4642259
2556828
2364581
2252369
2504212
2192037
2763826
2459809
2649879
2418894
558071
735731
536078
578530
562702
591296
307745
313932
313817
285775
283728
275492
297599
314656
140515
140505
139293
169545
154730
167147
135759
137021
70517
74621
69291
70000
66854
66496
68066
33721
33479
33321
33479
33430
32983
34509
33309
36479
47931
21802
25541
21963
19054
16745
16818
17977
17457
