9704065
10506687
10082138
10183510
9775423
9549610
10065549
9806682
9988703
4810406
5358152
4787208
4678559
5500667
5122358
4798120
4919624
2585254
2793121
1922016
2400072
2445962
2439942
2355009
2357497
2360358
573627
543767
576906
559123
550654
630928
285378
286765
284234
293796
340098
311969
297579
309473
183232
160059
129420
141932
151186
161267
153161
151104
68081
68366
70199
78183
67116
66227
87912
52402
44422
54311
35083
33202
45193
51447
38203
33344
43413
18247
17985
16643
17127
28870
16625
27725
18819
