9236163
10005594
9675683
9257797
10135444
9547880
10243520
11057356
10244807
4931972
4697411
4668415
4804783
4957631
4846958
4959241
4929577
2293686
2671244
2713046
2344364
2443762
2837134
2392123
2576504
3019335
582000
655618
736096
687017
600818
697335
343782
327643
324929
335336
326567
305432
297347
266193
160073
190249
142316
144271
134203
117325
137819
143048
68273
66984
90561
57681
61167
66376
67879
33488
37855
33686
33177
33295
34303
34636
32754
33448
33168
18579
22716
21094
16710
16567
16536
16860
16626
