9889238
9577878
10085104
9447258
9757270
9695815
9074135
8410488
9629419
4859435
5343911
5343701
4614163
4831411
5129712
5343909
4705399
2626670
2353153
2459382
2277092
2499523
2581484
2371725
2410114
2246221
613368
732445
477559
770696
685358
676780
291865
270358
278088
284019
283669
297329
282617
310102
146079
138140
142526
192134
152019
140545
140080
171019
83960
67823
94215
67932
73184
77026
66380
33339
33109
33352
33406
33352
34075
34301
35326
39874
33580
18194
17428
16999
16771
16741
23449
28085
25038
