9075353
10830367
9326499
9532630
9267014
9559964
9550425
9710157
10020343
5002841
5197594
5230213
5344882
5008358
5172656
4821835
5610602
2583792
2401070
2419747
2455388
2612001
2580306
2770135
2659960
2288722
700667
663243
668373
553598
565340
585874
326191
280400
279511
291793
282844
336190
329934
281201
197216
143916
133772
146802
135092
151090
140117
148188
68167
88503
79438
66010
73147
78352
76783
29961
49873
48339
55863
36462
33363
40798
40498
36042
34776
16493
26362
16838
16635
17037
24738
26309
27828
