8984638
9674657
10052084
9633737
9516646
9732375
10037294
10410287
9944085
4951995
4811772
5154391
4924400
5208930
5484805
5171250
4969818
2647448
2582059
2758343
2595136
2371074
2465107
2187437
2174186
1999948
688310
722226
619892
563443
506598
655338
302804
288500
300270
330356
333814
280985
283951
271776
139718
142536
141394
141952
142717
157102
147541
182823
91300
94190
67680
77505
67469
72956
66248
33452
33114
32980
33486
33278
33660
34332
33129
33417
33687
16920
29001
18269
28222
26065
16712
17045
17182
