10172490
9708406
9546419
9427732
9446181
9469212
9541390
9394911
9447514
4955376
4853895
4705060
4500178
4520079
4575842
4625565
4316186
2331428
2136500
2671187
2538863
2633006
2393637
2422327
2509380
2479984
654306
561746
606833
493806
669168
528600
313097
349072
283168
308454
285486
313257
289670
324753
151582
136407
148401
153395
162825
145199
127337
129395
89349
96446
77955
92802
87932
65157
90610
40802
34338
52398
53977
40046
43031
52207
48885
33070
54974
26216
20118
17146
16597
16577
16598
26325
22600
