10115970
10020709
10158301
9816224
9480449
10094320
10359210
9904596
10094820
5045157
4778601
5056613
4775657
4946085
4939875
5304554
5134371
2539771
2357467
2647417
2948051
2608997
2510114
2429604
2475755
2704130
627305
590922
570505
565918
707282
610439
304437
307285
315525
330130
277741
281227
281248
300132
138525
128092
147827
197831
137994
183091
152558
115634
67529
68709
68129
68475
60111
90212
67064
37798
34279
34784
34425
44492
36423
38311
36421
72289
34517
25424
23475
20741
18359
16946
28532
18609
31078
