9861778
9716083
9110499
9679965
9534449
9407678
8923080
9306239
9292603
4712070
4774743
4783625
4812514
5023673
5002756
4932820
4970449
2472237
2447008
2519370
2445390
2363326
2476680
2459277
2421258
2416351
677099
595021
577411
487197
502002
618942
309296
286116
293516
255933
356767
325828
279967
318160
127928
155133
155804
152091
150740
165843
141498
137524
69014
70421
105389
68420
74410
84371
64046
33548
33145
38388
33536
40776
41486
34265
39360
43714
45598
25785
28799
26414
22628
19688
17967
31173
29648
