9787313
9607709
8799011
9286878
9816676
9508004
9169061
10370323
9741511
4843023
4596736
4717390
4794766
4886160
4818370
4872781
4561556
2220530
2537347
2258278
2336939
2038196
2402332
2551555
2742183
2388710
621455
583955
571326
669574
614775
696830
334174
332803
256263
299410
289486
277296
350252
267175
131682
156745
140338
142156
162446
142702
161408
145685
73413
60137
85575
69039
70448
86423
78687
33515
37985
33014
33392
21406
19149
34075
31729
46372
35329
20468
17444
16917
16768
25742
29549
24697
21116
