9815337
9573280
9657749
9777845
9507251
9554013
9184668
9180177
9276475
4904214
4854413
4843873
4967314
5146626
5120191
4911140
4887639
2365108
2421123
2316969
2435147
2360742
2387419
2438892
2417505
2378569
579647
533881
573923
606613
652108
588096
294033
288111
281303
266638
282071
263269
313775
315361
167180
153267
151046
168286
151970
136221
135079
158884
72759
74279
67296
51620
62919
69167
68767
30257
46138
35708
39712
39336
34795
34356
57993
36621
33112
16538
17152
29734
16638
16656
16644
24890
17315
