9147998
10292453
9264441
9727396
9443106
9053166
9817851
9555579
9069420
4846075
4457448
4844003
4489569
4988737
4948168
4803533
5138830
2249532
2597755
2228730
2271366
2509117
2366374
2296773
2493240
2502835
579326
599752
564433
564845
552938
620360
314873
260221
280580
304643
296821
305847
303740
314955
137913
149244
154816
175401
142876
155931
162953
127944
92621
80005
93739
65825
67420
65980
85300
33458
33071
33369
40363
34119
33266
36499
49046
35807
52910
20528
18953
30289
27235
22451
20646
30746
25067
