9733552
9507118
9439247
9586404
10254792
9590065
9034203
9791585
9388413
4624482
4783318
4956144
4694008
5273794
4639514
4767164
4410393
2079423
2577739
2788694
2211566
2748850
2349828
2517143
2244646
2515616
552619
569996
612373
550751
684020
605447
351332
289717
382082
269315
287234
277107
404367
252977
125456
152617
138686
136325
147572
154654
144518
148371
71042
78453
74437
96070
69986
94522
93584
49033
38289
33656
60006
33084
43096
49531
34500
33625
33514
16926
17556
16757
17515
17328
16770
17351
17134
