9654763
8685269
9928411
9296059
9605929
10056204
10228081
9447202
9460944
4512042
4391872
5183722
5057577
4826760
5109204
4850072
4960768
2645347
2350228
2415600
2423113
2386010
2593370
2329489
2519829
2632339
644812
564910
602339
600544
568561
553001
282040
315153
285021
297245
286197
272608
295529
271191
162134
153072
166317
138563
189647
141388
159821
148065
53968
68029
68594
91762
82998
90374
75376
56120
51294
50805
28654
33470
35689
39260
32846
44214
32993
16624
17565
16556
20097
22581
19860
27207
23132
