10355778
9873653
9340197
10914399
9373284
11774323
10550679
9453252
9319616
5057778
5338203
5020766
5080846
4942496
5302843
4607526
4780097
2408890
2463743
2184558
2546895
2647514
2385502
2515274
2346740
2657419
638569
548756
568893
636821
650534
717498
292829
314901
320382
292632
285405
326186
279785
282973
201864
144838
205553
142459
154633
178564
160212
133056
67546
95898
54568
66246
67188
66016
66167
33985
33171
34372
33155
33183
33479
44848
51726
34046
48101
18803
20621
20956
16872
32495
20029
17809
35285
