10444238
9738919
10216577
9782496
9119224
10210626
9143845
9019862
9864818
4846571
5384167
4900156
5207261
4812734
5609746
5091353
5901294
2338124
2529865
2228281
2388107
2459411
2653302
2479263
2533974
2379299
544776
629883
554710
624128
596772
617383
298445
278410
266648
272663
337866
259001
293206
338369
159097
132843
125691
124948
157014
159004
162071
151449
73191
105800
68874
86147
93640
89336
66834
51576
37636
33065
33423
49405
41098
48727
50619
49259
54531
17658
26525
22102
18704
17009
17814
24563
21554
