9578017
10004358
10381019
8824262
8616880
9249888
10360692
9047112
11236301
5064525
5120308
4960855
5289141
5734822
5215403
4937113
4922935
2689911
2280044
2346186
2636262
2663305
2353297
2337410
2383888
2551691
533520
631378
621755
574395
696590
633180
276101
320266
280360
280348
285346
300745
398711
256559
174868
126619
135935
139186
140586
140756
140291
150277
82174
70558
67938
68255
74724
66782
78015
37718
33062
33278
52574
39448
29800
34487
33477
40482
32949
16849
17898
24510
17845
16632
16709
17352
17740
