10584229
9345370
9698423
10431183
9887866
9466056
9733233
10188997
9591142
5047097
4777349
4743429
4885476
4803854
4805929
5368130
5119300
2265972
2374258
2462805
2361069
2768218
2206909
2487485
2283930
2307435
596351
587286
578966
555056
624211
567260
289060
302288
251570
320521
353873
287160
280935
283082
145205
140948
143281
170050
147605
147565
141815
154473
97877
84640
78010
73930
89133
76599
66365
50055
39939
33468
37959
33306
33067
38584
34518
56564
33459
16704
17341
16830
16693
16745
16469
16944
17193
