10357441
10532071
9961856
9788568
10106678
9550498
8674032
8682783
9958652
5333232
5013578
5264927
5133567
4783066
4762007
5004603
5110151
2602917
2634442
2001367
2019169
2652443
2645379
2365129
2231448
2293265
538588
583841
557608
607156
599753
579683
280832
284679
280291
325375
238759
304133
317357
297051
139668
146313
144813
165122
140416
146072
148382
153870
68971
67939
70399
89291
95613
67068
90470
35144
51579
25689
49613
54285
32136
54330
46197
36182
56687
17018
19378
16497
17667
16801
16588
16937
17601
