9738568
9656846
10133778
9902067
9709240
10542258
9381854
10485910
10071278
5165435
4695886
4939478
4449283
4797081
5112317
5151302
5438770
2605876
2432051
2347757
2565211
2354936
2746768
2491693
2383949
2430492
520934
635833
571568
599844
593073
571032
280751
288651
305255
253133
290908
341265
310175
305184
141811
136526
167276
173176
148201
149161
155482
137521
89762
69621
94619
86935
67015
65678
65974
59418
33725
33408
33148
52224
39354
34194
33150
56747
32879
16643
17334
17710
28281
16514
16843
21351
17718
